image: lab121_grid_map.pgm
resolution: 0.020000
origin: [-11.163231, -7.528270, 0.000000]
negate: 0
occupied_thresh: 0.65
free_thresh: 0.196

